14412_8#25,0,8114,259,266,7689,7688,262,279,284,8084,7667,7638,7798,282,8120,7658,7667,8122,8107,8122,284,8105,7656,261,234,261,293,262,7660,279,7652,7651,7635,266,7660,7782,7669,285,7686,279,7655,232,7669,8123,8121,8111,281,245,7690,270,272,7645,7650,8109,276,7622,7636,284,7649,245,7661,261,232,7678,7687,7681,7670,276,7681,8102,8103,7684,7694,263,232,7658,7659,8119,279,266,8125,7652,8048,7694,7690,7648,7644,7653,229,7656,281,8124,7662,7678,7658,231,7687,7622,7671,7684,7658,7656,7707,7670,7698,7653,276,252,7665,7705,276,250,7655,7655,249,252,7675,7779,252,250,7760,250,7654,250,7706,7668,7705,7675,7673,7650,276,252,7652,252,7670,7692,7654,7696,7712,252,276,7654,249,7799,252,252,250,7649,7772,7802,7669,252,276,7675,7709,7705,249,249,252,249,235,7673,260,259,221,264,29061,27466
SRR3728382,8114,0,8135,8173,8132,8130,8140,8183,8191,0,8117,8086,8301,8177,0,8098,8106,3,2,5,8193,10,8097,8134,8170,8126,8190,8140,8101,8185,8098,8091,8073,8167,8102,8296,8110,8191,8125,8186,8116,8168,8110,1,0,0,8186,8172,8131,8182,8181,8102,8094,2,8183,8078,8077,8190,8090,8146,8104,8138,8163,8121,8126,8122,8108,8182,8124,0,1,8128,8133,8142,8162,8101,8100,0,8178,8170,2,8096,4,8133,8132,8088,8125,8127,8156,8097,8185,3,8102,8121,8095,8169,8126,8060,8109,8125,8097,8096,8146,8109,8145,8092,8183,8164,8109,8145,8177,8154,8094,8094,8131,8157,8116,8274,8160,8162,8271,8146,8097,8157,8146,8109,8144,8116,8111,8095,8184,8158,8093,8161,8110,8146,8094,8146,8151,8163,8182,8096,8154,8293,8163,8160,8149,8089,8279,8298,8106,8158,8188,8116,8148,8142,8157,8147,8159,8157,8138,8085,8144,8134,8146,8174,29211,27582
SRR3728400,259,8135,0,131,7754,7752,9,142,147,8101,7731,7700,7820,145,8140,7722,7731,8142,8124,8143,147,8123,7719,8,233,8,154,9,7724,143,7716,7716,7698,131,7723,7804,7734,149,7751,143,7719,231,7733,8144,8140,8131,144,229,7755,133,136,7709,7714,8127,140,7684,7699,147,7713,228,7725,8,231,7743,7752,7745,7735,140,7745,8119,8122,7748,7759,8,231,7723,7723,8140,143,131,8146,7716,8064,7758,7754,7712,7707,7716,228,7720,145,8145,7726,7742,7721,230,7753,7679,7735,7748,7722,7722,7773,7736,7764,7719,83,117,7732,7764,83,55,7721,7721,54,117,7740,7803,117,55,7782,55,7719,55,7771,7734,7770,7740,7738,7716,83,117,7718,117,7736,7758,7719,7762,7777,117,83,7720,54,7823,117,117,55,7714,7792,7825,7736,117,83,7740,7775,7769,54,54,117,54,222,7732,243,121,209,127,29171,27585
SRR3728408,266,8173,131,0,7762,7760,134,151,156,8141,7739,7708,7878,154,8178,7730,7739,8180,8164,8181,156,8163,7727,133,241,133,165,134,7732,152,7724,7724,7707,138,7731,7862,7742,158,7759,152,7727,239,7741,8182,8178,8170,153,236,7763,143,123,7717,7722,8167,149,7693,7707,156,7721,235,7733,134,239,7751,7760,7753,7743,149,7753,8158,8161,7756,7767,136,239,7731,7731,8178,152,138,8184,7724,8105,7766,7762,7720,7713,7723,236,7728,155,8183,7734,7750,7729,238,7760,7687,7743,7756,7730,7731,7781,7744,7772,7728,148,124,7740,7772,148,122,7730,7730,121,124,7748,7860,124,122,7840,121,7728,123,7779,7742,7778,7748,7746,7725,148,124,7727,124,7744,7766,7728,7770,7785,124,148,7729,122,7880,124,124,122,7723,7852,7882,7744,124,148,7748,7783,7777,122,121,124,121,228,7741,255,131,217,135,29259,27633
SRR3728422,7689,8132,7754,7762,0,0,7757,7768,7780,8107,3,186,8459,7761,8141,185,186,8144,8133,8143,7776,8136,185,7755,7762,7741,7781,7756,185,7774,185,185,186,7756,186,8461,187,7777,204,7772,0,7762,186,8142,8139,8143,7751,7751,0,7768,7766,187,186,8137,7766,187,185,7771,186,7718,190,7755,7757,0,0,0,187,7769,47,8133,8134,1,0,7759,7760,185,185,8140,7760,7756,8146,185,8056,0,0,187,218,215,7747,185,7774,8147,187,0,187,7761,137,193,195,0,185,223,223,242,222,223,7768,7751,241,223,7767,7726,222,222,7709,7742,194,8442,7746,7746,8441,7732,223,7737,223,194,222,194,194,223,7771,7745,222,7745,240,222,223,222,225,7750,7768,222,7722,8462,7747,7750,7733,222,8440,8468,242,7746,7774,194,223,223,7743,7702,7749,7743,7687,211,7709,7713,7739,7762,29072,27381
SRR3728439,7688,8130,7752,7760,0,0,7755,7766,7778,8105,3,186,8456,7759,8139,185,186,8142,8131,8141,7774,8134,185,7753,7760,7740,7779,7754,185,7772,185,185,186,7755,186,8458,187,7775,204,7770,0,7760,186,8140,8137,8141,7750,7749,0,7766,7764,187,186,8135,7764,187,185,7770,186,7716,190,7753,7755,0,0,0,187,7767,47,8131,8132,1,0,7757,7758,185,185,8138,7759,7754,8144,185,8056,0,0,187,218,215,7745,185,7772,8145,187,0,187,7759,136,193,195,0,185,223,224,242,223,223,7766,7749,241,224,7765,7724,222,222,7708,7741,194,8439,7744,7745,8438,7730,223,7735,224,194,223,194,194,223,7769,7743,222,7743,240,223,223,223,226,7748,7766,222,7720,8459,7746,7748,7732,222,8437,8465,242,7744,7772,194,224,224,7741,7700,7747,7741,7686,211,7709,7712,7737,7760,29071,27373
SRR3728485,262,8140,9,134,7757,7755,0,145,150,8107,7734,7703,7821,148,8145,7725,7734,8147,8130,8148,150,8129,7722,1,235,1,157,2,7727,146,7719,7719,7702,134,7726,7806,7737,152,7754,146,7722,233,7736,8149,8145,8137,147,232,7758,136,139,7712,7717,8133,143,7688,7702,150,7716,231,7728,1,233,7746,7755,7748,7738,143,7748,8124,8128,7751,7762,1,233,7726,7726,8145,146,134,8151,7719,8070,7761,7757,7715,7709,7718,231,7723,148,8150,7729,7745,7724,233,7755,7682,7738,7751,7725,7725,7776,7739,7767,7722,86,120,7735,7767,86,58,7724,7724,57,120,7743,7804,120,58,7784,58,7722,58,7774,7737,7773,7743,7741,7719,86,120,7721,120,7739,7761,7722,7765,7780,120,86,7723,57,7823,120,120,58,7717,7794,7825,7739,120,86,7743,7778,7772,57,57,120,57,225,7735,251,124,212,130,29178,27576
SRR3728514,279,8183,142,151,7768,7766,145,0,5,8150,7747,7713,7892,0,8188,7737,7744,8190,8173,8191,5,8171,7732,144,254,144,165,145,7737,65,7729,7729,7712,151,7736,7875,7747,125,7766,65,7733,252,7746,8192,8188,8179,0,249,7769,151,156,7722,7727,8175,62,7696,7712,5,7728,248,7738,144,252,7758,7766,7759,7748,62,7759,8163,8170,7762,7773,146,252,7736,7736,8188,65,151,8194,7729,8112,7772,7768,7725,7720,7730,249,7733,67,8193,7739,7758,7734,251,7766,7697,7749,7762,7735,7737,7787,7750,7778,7734,159,137,7746,7778,159,133,7736,7736,132,137,7754,7873,137,133,7848,133,7734,133,7785,7748,7784,7754,7752,7731,159,137,7733,137,7750,7772,7734,7776,7791,137,159,7735,132,7893,137,137,133,7731,7858,7895,7750,137,159,7754,7789,7783,133,132,137,133,242,7747,260,139,229,145,29244,27622
SRR3728525,284,8191,147,156,7780,7778,150,5,0,8157,7757,7725,7897,8,8196,7747,7756,8198,8180,8199,0,8179,7744,149,259,149,169,150,7749,70,7741,7741,7724,156,7748,7881,7759,130,7777,70,7745,257,7758,8200,8196,8187,7,254,7781,156,161,7734,7739,8183,67,7710,7724,0,7738,253,7750,149,257,7769,7778,7771,7760,67,7771,8175,8178,7774,7785,151,257,7748,7748,8196,70,156,8202,7741,8120,7784,7780,7737,7732,7741,254,7745,72,8201,7751,7768,7746,256,7778,7705,7761,7774,7747,7749,7799,7762,7790,7746,164,142,7758,7790,164,138,7748,7748,137,142,7766,7878,142,138,7857,138,7746,138,7797,7760,7796,7766,7764,7743,164,142,7745,142,7762,7784,7746,7788,7803,142,164,7747,137,7897,142,142,138,7741,7867,7899,7762,142,164,7766,7801,7795,137,137,142,137,247,7759,273,144,234,150,29279,27651
SRR3728553,8084,0,8101,8141,8107,8105,8107,8150,8157,0,8092,8062,8284,8143,0,8075,8081,0,1,5,8158,10,8070,8102,8136,8091,8157,8106,8076,8153,8071,8065,8047,8136,8076,8280,8085,8159,8100,8152,8092,8135,8085,1,0,0,8148,8141,8106,8149,8145,8077,8069,1,8148,8054,8051,8156,8067,8114,8079,8105,8132,8097,8099,8097,8083,8148,8100,0,0,8103,8108,8110,8130,8076,8075,0,8144,8137,1,8071,1,8108,8107,8062,8101,8102,8125,8072,8152,0,8077,8099,8071,8135,8101,8035,8084,8099,8072,8071,8121,8085,8121,8067,8150,8128,8084,8120,8144,8120,8069,8070,8096,8126,8091,8259,8126,8128,8255,8113,8072,8123,8121,8084,8118,8091,8086,8070,8150,8125,8069,8127,8085,8122,8070,8121,8126,8128,8148,8071,8122,8276,8130,8128,8117,8067,8266,8281,8082,8125,8154,8091,8123,8117,8124,8116,8126,8124,8110,8059,8095,8102,8116,8141,29183,27506
SRR3728556,7667,8117,7731,7739,3,3,7734,7747,7757,8092,0,188,8446,7740,8123,186,187,8128,8118,8125,7753,8120,187,7732,7739,7722,7758,7733,186,7751,187,186,187,7735,187,8446,188,7754,205,7749,3,7739,187,8124,8121,8125,7732,7728,3,7745,7743,188,187,8122,7743,189,187,7753,187,7695,191,7732,7734,3,3,3,188,7746,50,8117,8119,4,3,7736,7737,186,186,8122,7742,7733,8128,186,8038,3,3,188,219,216,7727,186,7751,8129,188,3,188,7738,136,194,196,3,186,224,224,243,223,224,7745,7728,242,224,7744,7706,223,223,7691,7721,195,8426,7723,7724,8425,7709,224,7715,224,195,223,195,195,224,7748,7722,223,7722,241,223,224,223,226,7727,7745,223,7700,8447,7725,7727,7712,223,8433,8452,243,7723,7751,195,224,224,7720,7683,7726,7720,7681,212,7690,7692,7716,7739,29037,27347
SRR3728558,7638,8086,7700,7708,186,186,7703,7713,7725,8062,188,0,8421,7713,8092,2,3,8097,8088,8094,7721,8090,3,7701,7706,7690,7728,7702,2,7719,3,2,0,7703,1,8421,0,7723,169,7717,185,7705,3,8093,8090,8094,7698,7697,186,7712,7710,0,3,8091,7711,1,3,7720,3,7664,7,7701,7702,185,186,186,0,7714,182,8088,8089,187,186,7705,7704,2,2,8091,7707,7703,8097,2,8009,186,186,0,185,182,7696,2,7719,8098,0,186,0,7707,181,0,160,186,2,198,189,217,188,198,7714,7695,216,189,7713,7674,197,197,7659,7690,159,8399,7692,7692,8399,7678,198,7682,189,159,188,159,159,198,7715,7691,197,7692,215,188,198,188,191,7696,7712,197,7669,8421,7692,7696,7679,197,8400,8426,217,7693,7718,159,189,189,7689,7651,7695,7688,7640,175,7652,7662,7685,7706,28975,27286
SRR3728593,7798,8301,7820,7878,8459,8456,7821,7892,7897,8284,8446,8421,0,7880,8307,8424,8433,8309,8300,8306,7894,8304,8425,7820,7883,7811,7898,7821,8430,7890,8429,8426,8402,7875,8430,0,8433,7896,8452,7891,8435,7882,8432,8308,8305,8305,7875,7869,8458,7885,7882,8418,8428,8305,7890,8403,8417,7896,8428,7859,8429,7821,7876,8456,8460,8455,8434,7887,8455,8299,8297,8459,8459,7823,7879,8429,8425,8305,7883,7875,8310,8431,8235,8458,8460,8423,8401,8400,7871,8430,7890,8312,8432,8457,8425,7883,8456,8377,8442,8459,8430,8424,8471,8437,8461,8423,7888,7872,8435,8470,7885,7847,8422,8424,7835,7862,8440,297,7866,7863,297,7847,8423,7862,8472,8441,8469,8440,8435,8418,7889,7863,8418,7866,8438,8456,8423,8463,8474,7867,7894,8424,7837,298,7867,7865,7851,8416,296,298,8439,7865,7892,8441,8473,8466,7860,7820,7864,7859,7825,8425,7813,7800,7856,7883,29470,27889
SRR3728594,282,8177,145,154,7761,7759,148,0,8,8143,7740,7713,7880,0,8179,7730,7738,8183,8170,8183,8,8165,7727,147,256,147,167,148,7731,68,7724,7723,7708,154,7731,7864,7741,128,7759,68,7726,254,7740,8183,8180,8172,5,252,7762,154,159,7723,7721,8170,65,7698,7708,8,7720,251,7733,147,254,7751,7759,7753,7742,65,7753,8161,8166,7756,7766,149,254,7731,7730,8179,68,154,8185,7724,8106,7765,7761,7721,7715,7723,252,7727,70,8184,7733,7751,7729,254,7760,7689,7743,7756,7729,7731,7781,7746,7773,7728,162,140,7742,7772,162,136,7731,7730,135,140,7748,7859,140,136,7839,136,7729,136,7779,7742,7778,7748,7747,7725,162,140,7727,140,7744,7766,7728,7770,7785,140,162,7729,135,7878,140,140,136,7723,7851,7880,7744,140,162,7748,7783,7778,135,135,140,135,245,7743,260,142,232,148,29230,27577
SRR3728620,8120,0,8140,8178,8141,8139,8145,8188,8196,0,8123,8092,8307,8179,0,8107,8115,0,1,5,8198,10,8103,8139,8173,8128,8195,8145,8110,8190,8104,8099,8079,8172,8109,8301,8119,8196,8134,8190,8124,8172,8119,1,0,0,8188,8177,8139,8187,8183,8110,8103,1,8188,8084,8083,8192,8098,8151,8112,8143,8168,8130,8132,8131,8117,8187,8132,0,0,8137,8142,8147,8167,8110,8109,0,8179,8175,1,8105,3,8142,8140,8094,8133,8136,8160,8106,8190,0,8111,8129,8104,8174,8135,8068,8118,8131,8105,8104,8155,8118,8153,8101,8188,8169,8117,8154,8182,8159,8102,8103,8131,8162,8124,8279,8164,8167,8276,8150,8106,8163,8154,8118,8152,8125,8120,8103,8189,8163,8102,8166,8119,8155,8102,8155,8160,8168,8188,8105,8159,8298,8168,8165,8153,8098,8285,8303,8115,8163,8193,8125,8157,8151,8162,8152,8164,8162,8138,8091,8149,8136,8151,8179,29220,27594
SRR3728629,7658,8098,7722,7730,185,185,7725,7737,7747,8075,186,2,8424,7730,8107,0,0,8110,8099,8109,7743,8103,1,7723,7729,7709,7750,7724,0,7741,1,0,1,7725,1,8426,2,7745,167,7739,184,7728,0,8108,8105,8109,7721,7718,185,7736,7734,2,1,8103,7733,3,0,7741,0,7685,4,7723,7723,184,185,185,2,7736,181,8100,8101,186,185,7727,7726,0,0,8106,7729,7724,8112,0,8024,185,185,2,183,180,7716,0,7741,8113,2,185,2,7727,179,2,158,185,0,196,187,215,186,196,7736,7719,214,187,7735,7696,195,195,7681,7710,157,8406,7714,7715,8406,7700,196,7706,187,157,186,157,157,196,7739,7713,195,7714,213,186,196,186,189,7718,7736,195,7692,8427,7715,7718,7701,195,8407,8433,215,7715,7742,157,187,187,7711,7674,7717,7711,7660,174,7678,7682,7706,7730,29042,27350
SRR3728703,7667,8106,7731,7739,186,186,7734,7744,7756,8081,187,3,8433,7738,8115,0,0,8118,8107,8117,7752,8110,2,7732,7736,7718,7759,7733,0,7750,2,1,2,7733,2,8435,3,7754,168,7748,185,7736,0,8116,8113,8117,7728,7727,186,7745,7743,3,2,8111,7742,4,0,7748,0,7694,4,7732,7731,185,186,186,3,7745,182,8107,8108,187,186,7736,7734,0,1,8114,7736,7733,8120,0,8032,186,186,3,184,181,7721,0,7750,8121,3,186,3,7735,180,3,159,186,0,197,188,216,187,197,7745,7728,215,188,7744,7703,196,196,7687,7719,158,8415,7723,7723,8415,7709,197,7715,188,158,187,158,158,197,7748,7722,196,7722,214,187,197,187,190,7727,7745,196,7699,8436,7724,7727,7710,196,8413,8442,216,7723,7751,158,188,188,7720,7680,7726,7720,7664,175,7686,7691,7714,7739,29053,27363
SRR3728720,8122,3,8142,8180,8144,8142,8147,8190,8198,0,8128,8097,8309,8183,0,8110,8118,0,7,9,8200,14,8108,8141,8177,8132,8197,8147,8113,8192,8109,8102,8084,8174,8114,8304,8122,8198,8137,8193,8128,8175,8122,6,5,0,8192,8179,8143,8189,8187,8114,8106,7,8190,8089,8088,8196,8102,8153,8116,8145,8170,8133,8137,8134,8120,8189,8136,0,6,8140,8145,8149,8169,8113,8112,2,8183,8177,7,8108,0,8145,8144,8099,8137,8139,8163,8109,8192,0,8114,8133,8107,8176,8138,8072,8121,8136,8109,8108,8158,8121,8157,8104,8190,8171,8121,8157,8184,8161,8106,8106,8135,8164,8128,8282,8167,8169,8279,8153,8109,8164,8158,8121,8156,8128,8123,8107,8191,8165,8105,8168,8122,8158,8106,8158,8163,8170,8189,8108,8161,8301,8170,8167,8156,8101,8287,8306,8118,8165,8195,8128,8160,8154,8164,8154,8166,8164,8142,8096,8152,8140,8153,8181,29218,27586
SRR3728929,8107,2,8124,8164,8133,8131,8130,8173,8180,1,8118,8088,8300,8170,1,8099,8107,7,0,8,8182,13,8098,8125,8160,8115,8180,8130,8102,8175,8099,8092,8075,8157,8103,8295,8111,8182,8126,8175,8118,8158,8111,3,2,3,8174,8164,8132,8172,8170,8103,8095,0,8172,8080,8079,8179,8091,8137,8105,8128,8155,8122,8127,8123,8109,8171,8126,2,0,8129,8134,8133,8153,8102,8101,2,8169,8160,0,8097,8,8134,8133,8090,8127,8128,8147,8098,8175,7,8103,8123,8097,8159,8127,8061,8110,8127,8098,8097,8147,8111,8147,8093,8173,8152,8110,8146,8167,8144,8095,8096,8123,8146,8117,8274,8149,8151,8270,8136,8098,8147,8147,8110,8145,8117,8112,8096,8173,8148,8095,8150,8111,8148,8096,8147,8152,8152,8171,8097,8145,8292,8152,8151,8138,8091,8280,8297,8108,8148,8177,8117,8149,8143,8147,8138,8149,8147,8130,8086,8137,8125,8138,8164,29190,27542
SRR3728935,8122,5,8143,8181,8143,8141,8148,8191,8199,5,8125,8094,8306,8183,5,8109,8117,9,8,0,8201,11,8105,8142,8176,8131,8198,8148,8112,8193,8106,8101,8081,8175,8111,8301,8121,8199,8136,8193,8126,8175,8121,7,6,5,8191,8180,8141,8190,8186,8112,8105,8,8191,8086,8085,8195,8100,8154,8114,8146,8171,8132,8134,8133,8119,8190,8134,5,7,8139,8144,8150,8170,8112,8111,5,8182,8179,8,8107,10,8144,8142,8096,8135,8138,8164,8108,8193,9,8113,8131,8106,8177,8137,8071,8120,8133,8107,8106,8157,8120,8155,8103,8191,8172,8119,8156,8185,8162,8104,8105,8134,8166,8126,8279,8167,8170,8276,8153,8108,8165,8156,8120,8154,8127,8122,8105,8192,8166,8104,8169,8121,8157,8104,8157,8162,8171,8190,8107,8162,8298,8171,8168,8156,8100,8284,8303,8117,8166,8196,8127,8159,8153,8165,8156,8167,8165,8141,8093,8152,8139,8154,8182,29218,27588
SRR3728971,284,8193,147,156,7776,7774,150,5,0,8158,7753,7721,7894,8,8198,7743,7752,8200,8182,8201,0,8180,7740,149,258,149,169,150,7745,70,7737,7737,7720,156,7744,7879,7755,130,7773,70,7741,256,7754,8202,8198,8189,7,254,7777,156,161,7730,7735,8185,67,7706,7720,0,7734,253,7746,149,256,7765,7774,7767,7756,67,7767,8176,8179,7770,7781,151,256,7744,7744,8198,70,156,8204,7737,8122,7780,7776,7733,7728,7737,254,7741,72,8203,7747,7764,7742,256,7774,7701,7757,7770,7743,7745,7795,7758,7786,7742,164,142,7754,7786,164,138,7744,7744,137,142,7762,7877,142,138,7856,138,7742,138,7793,7756,7792,7762,7760,7739,164,142,7741,142,7758,7780,7742,7784,7799,142,164,7743,137,7896,142,142,138,7737,7865,7898,7758,142,164,7762,7797,7791,137,137,142,137,247,7755,273,144,234,150,29276,27659
SRR3728976,8105,10,8123,8163,8136,8134,8129,8171,8179,10,8120,8090,8304,8165,10,8103,8110,14,13,11,8180,0,8100,8123,8158,8113,8179,8128,8105,8175,8101,8094,8077,8156,8107,8298,8114,8181,8129,8174,8120,8156,8114,12,11,10,8172,8162,8135,8171,8168,8106,8099,13,8170,8082,8081,8179,8094,8135,8108,8127,8153,8125,8130,8126,8112,8170,8128,10,12,8132,8137,8132,8151,8105,8104,10,8167,8159,13,8100,15,8137,8136,8091,8130,8131,8144,8101,8174,14,8106,8125,8099,8156,8130,8064,8113,8128,8101,8100,8151,8114,8149,8097,8172,8150,8113,8149,8166,8142,8098,8098,8119,8148,8120,8275,8148,8150,8272,8135,8101,8146,8150,8113,8148,8120,8115,8099,8172,8147,8097,8149,8114,8150,8099,8150,8155,8150,8172,8100,8144,8295,8153,8149,8139,8094,8282,8299,8110,8147,8176,8120,8152,8146,8146,8136,8148,8146,8125,8088,8136,8123,8137,8163,29198,27543
SRR3729020,7656,8097,7719,7727,185,185,7722,7732,7744,8070,187,3,8425,7727,8103,1,2,8108,8098,8105,7740,8100,0,7720,7726,7706,7747,7721,1,7738,0,1,2,7721,2,8425,3,7742,168,7736,184,7726,2,8104,8101,8105,7717,7716,185,7733,7731,3,0,8102,7730,4,2,7736,2,7683,6,7720,7721,184,185,185,3,7733,181,8097,8099,186,185,7724,7724,1,1,8102,7724,7721,8108,1,8019,185,185,3,184,181,7711,1,7738,8109,3,185,3,7725,180,3,159,185,1,197,188,216,187,197,7733,7716,215,188,7732,7691,196,196,7675,7707,158,8404,7711,7711,8404,7697,197,7703,188,158,187,158,158,197,7736,7710,196,7710,214,187,197,187,190,7715,7733,196,7688,8426,7712,7715,7698,196,8410,8431,216,7711,7739,158,188,188,7708,7670,7714,7708,7657,175,7675,7679,7703,7727,29036,27343
SRR3729028,261,8134,8,133,7755,7753,1,144,149,8102,7732,7701,7820,147,8139,7723,7732,8141,8125,8142,149,8123,7720,0,235,0,156,0,7725,145,7717,7717,7700,133,7724,7805,7735,151,7752,145,7720,233,7734,8143,8139,8131,146,231,7756,135,138,7710,7715,8127,142,7686,7700,149,7714,230,7726,0,233,7744,7753,7746,7736,142,7746,8119,8122,7749,7760,0,233,7724,7724,8139,145,133,8145,7717,8064,7759,7755,7713,7707,7716,230,7721,147,8144,7727,7743,7722,232,7753,7680,7736,7749,7723,7723,7774,7737,7765,7720,85,119,7733,7765,85,57,7722,7722,56,119,7741,7802,119,57,7782,57,7720,57,7772,7735,7771,7741,7739,7717,85,119,7719,119,7737,7759,7720,7763,7778,119,85,7721,56,7821,119,119,57,7715,7792,7823,7737,119,85,7741,7776,7770,56,56,119,56,224,7733,244,123,211,129,29170,27557
SRR3729047,234,8170,233,241,7762,7760,235,254,259,8136,7739,7706,7883,256,8173,7729,7736,8177,8160,8176,258,8158,7726,235,0,235,267,236,7731,255,7721,7723,7706,241,7732,7865,7741,261,7757,255,7726,2,7739,8177,8174,8164,256,219,7762,245,246,7715,7722,8162,252,7686,7707,259,7719,219,7732,235,2,7750,7759,7752,7742,252,7753,8150,8157,7755,7767,237,2,7730,7730,8173,255,241,8179,7724,8097,7766,7762,7718,7715,7724,1,7727,257,8178,7733,7748,7729,2,7760,7685,7742,7756,7729,7728,7783,7741,7773,7726,251,227,7737,7772,251,225,7727,7726,224,226,7747,7861,227,225,7837,225,7726,225,7779,7740,7779,7747,7746,7722,251,227,7724,227,7742,7767,7727,7769,7785,227,250,7725,224,7882,227,227,225,7719,7849,7883,7741,227,251,7748,7781,7776,224,223,227,224,209,7740,261,233,195,239,29244,27606
SRR3729102,261,8126,8,133,7741,7740,1,144,149,8091,7722,7690,7811,147,8128,7709,7718,8132,8115,8131,149,8113,7706,0,235,0,156,1,7711,145,7705,7703,7686,133,7710,7795,7721,151,7738,145,7709,233,7720,8132,8128,8119,146,231,7743,135,138,7697,7703,8117,142,7676,7686,149,7700,230,7712,0,233,7730,7741,7732,7722,142,7734,8108,8112,7737,7746,0,233,7710,7710,8128,145,133,8134,7705,8054,7745,7741,7700,7695,7702,230,7707,147,8133,7713,7730,7708,232,7739,7667,7722,7735,7709,7709,7760,7723,7751,7706,85,119,7719,7751,85,57,7708,7708,56,119,7727,7790,119,57,7770,57,7708,57,7758,7721,7757,7727,7725,7703,85,119,7705,119,7723,7745,7706,7749,7764,119,85,7707,56,7810,119,119,57,7703,7780,7811,7723,119,85,7727,7762,7756,56,56,119,56,224,7721,242,123,211,129,29135,27520
SRR3729126,293,8190,154,165,7781,7779,157,165,169,8157,7758,7728,7898,167,8195,7750,7759,8197,8180,8198,169,8179,7747,156,267,156,0,157,7752,165,7744,7744,7727,164,7751,7881,7762,171,7779,165,7746,265,7761,8199,8195,8186,166,263,7782,165,170,7737,7742,8183,162,7713,7727,169,7741,262,7753,156,265,7770,7779,7772,7763,162,7773,8174,8177,7775,7786,160,265,7751,7751,8195,165,164,8201,7744,8119,7785,7781,7740,7734,7743,262,7748,167,8200,7754,7769,7749,264,7780,7709,7763,7775,7750,7751,7801,7764,7792,7748,173,151,7760,7792,173,147,7750,7750,146,151,7768,7879,151,147,7858,147,7748,147,7799,7762,7798,7768,7766,7745,173,151,7747,151,7764,7786,7748,7790,7805,151,173,7749,146,7899,151,151,147,7743,7869,7902,7764,151,173,7768,7803,7797,146,146,151,146,256,7761,282,153,243,159,29263,27645
SRR3729162,262,8140,9,134,7756,7754,2,145,150,8106,7733,7702,7821,148,8145,7724,7733,8147,8130,8148,150,8128,7721,0,236,1,157,0,7726,146,7718,7718,7701,134,7725,7805,7736,152,7753,146,7721,234,7735,8149,8145,8136,146,232,7757,136,139,7711,7716,8133,143,7687,7701,150,7715,231,7727,0,234,7745,7754,7747,7737,143,7747,8124,8126,7750,7761,1,234,7725,7725,8145,146,134,8151,7718,8068,7760,7756,7714,7708,7717,231,7722,148,8150,7728,7744,7723,233,7754,7681,7737,7750,7724,7724,7775,7738,7766,7721,86,120,7734,7766,86,58,7723,7723,57,120,7742,7803,120,58,7782,58,7721,58,7773,7736,7772,7742,7740,7718,86,120,7720,120,7738,7760,7721,7764,7779,120,86,7722,57,7822,120,120,58,7716,7792,7824,7738,120,86,7742,7777,7771,57,57,120,57,225,7734,251,124,212,130,29182,27573
SRR3729165,7660,8101,7724,7732,185,185,7727,7737,7749,8076,186,2,8430,7731,8110,0,0,8113,8102,8112,7745,8105,1,7725,7731,7711,7752,7726,0,7743,1,0,1,7727,1,8432,2,7747,167,7741,184,7731,0,8111,8108,8112,7720,7721,185,7738,7736,2,1,8106,7735,3,0,7741,0,7688,4,7725,7726,184,185,185,2,7738,181,8102,8103,186,185,7729,7729,0,0,8109,7729,7726,8115,0,8027,185,185,2,183,180,7716,0,7743,8116,2,185,2,7730,179,2,158,185,0,196,187,215,186,196,7738,7721,214,187,7737,7696,195,195,7680,7712,157,8412,7716,7716,8412,7702,196,7708,187,157,186,157,157,196,7741,7715,195,7715,213,186,196,186,189,7720,7738,195,7692,8433,7717,7720,7703,195,8411,8439,215,7716,7744,157,187,187,7713,7674,7719,7713,7659,174,7679,7684,7708,7732,29049,27358
SRR3729183,279,8185,143,152,7774,7772,146,65,70,8153,7751,7719,7890,68,8190,7741,7750,8192,8175,8193,70,8175,7738,145,255,145,165,146,7743,0,7735,7735,7718,152,7742,7873,7753,126,7771,0,7739,253,7752,8194,8190,8181,67,250,7775,152,157,7728,7733,8178,0,7704,7718,70,7732,249,7744,145,253,7763,7772,7765,7754,0,7765,8169,8172,7768,7779,147,253,7742,7742,8190,2,152,8196,7735,8116,7778,7774,7731,7726,7735,250,7739,8,8195,7745,7762,7740,252,7772,7699,7755,7768,7741,7743,7793,7756,7784,7740,160,138,7752,7784,160,134,7742,7742,133,138,7761,7871,138,134,7850,134,7740,134,7791,7755,7790,7761,7759,7737,160,138,7739,138,7756,7778,7740,7782,7797,138,160,7741,133,7891,138,138,134,7735,7862,7893,7756,138,160,7761,7795,7789,133,133,138,133,243,7753,269,140,230,146,29272,27654
SRR3729188,7652,8098,7716,7724,185,185,7719,7729,7741,8071,187,3,8429,7724,8104,1,2,8109,8099,8106,7737,8101,0,7717,7721,7705,7744,7718,1,7735,0,1,2,7720,2,8429,3,7739,168,7733,184,7721,2,8105,8102,8106,7713,7712,185,7730,7728,3,0,8103,7727,4,2,7735,2,7679,6,7717,7716,184,185,185,3,7730,181,8099,8100,186,185,7721,7719,1,1,8103,7723,7719,8109,1,8021,185,185,3,184,181,7708,1,7735,8110,3,185,3,7721,180,3,159,185,1,197,188,216,187,197,7730,7713,215,188,7729,7688,196,196,7673,7707,158,8408,7708,7709,8407,7694,197,7700,188,158,187,158,158,197,7733,7707,196,7707,214,187,197,187,190,7712,7730,196,7684,8429,7710,7712,7697,196,8410,8434,216,7708,7736,158,188,188,7705,7667,7711,7705,7652,175,7671,7677,7700,7724,29024,27317
SRR3729199,7651,8091,7716,7724,185,185,7719,7729,7741,8065,186,2,8426,7723,8099,0,1,8102,8092,8101,7737,8094,1,7717,7723,7703,7744,7718,0,7735,1,0,1,7718,1,8427,2,7739,167,7733,184,7723,1,8100,8097,8101,7713,7712,185,7730,7728,2,1,8096,7727,3,1,7733,1,7679,5,7717,7718,184,185,185,2,7730,181,8091,8093,186,185,7721,7721,0,0,8098,7721,7718,8104,0,8016,185,185,2,183,180,7708,0,7735,8105,2,185,2,7722,179,2,158,185,0,196,187,215,186,196,7730,7713,214,187,7729,7688,195,195,7672,7704,157,8408,7708,7708,8407,7694,196,7700,187,157,186,157,157,196,7733,7707,195,7707,213,186,196,186,189,7712,7730,195,7684,8428,7709,7712,7695,195,8408,8434,215,7708,7736,157,187,187,7705,7665,7711,7705,7649,174,7662,7676,7700,7724,29001,27306
SRR3729220,7635,8073,7698,7707,186,186,7702,7712,7724,8047,187,0,8402,7708,8079,1,2,8084,8075,8081,7720,8077,2,7700,7706,7686,7727,7701,1,7718,2,1,0,7701,0,8402,0,7722,168,7716,185,7705,2,8080,8077,8081,7700,7695,186,7713,7711,0,2,8078,7710,1,2,7716,2,7662,6,7700,7700,185,186,186,0,7713,182,8075,8076,187,186,7704,7703,1,1,8078,7704,7702,8084,1,7996,186,186,0,184,181,7693,1,7718,8085,0,186,0,7705,180,0,159,186,1,197,188,216,187,197,7713,7696,215,188,7712,7671,196,196,7656,7688,158,8381,7691,7692,8380,7677,197,7683,188,158,187,158,158,197,7716,7690,196,7691,214,187,197,187,190,7695,7713,196,7669,8402,7692,7695,7678,196,8386,8407,216,7692,7719,158,188,188,7688,7652,7694,7688,7644,175,7647,7659,7683,7707,28951,27275
SRR3729226,266,8167,131,138,7756,7755,134,151,156,8136,7735,7703,7875,154,8172,7725,7733,8174,8157,8175,156,8156,7721,133,241,133,164,134,7727,152,7720,7718,7701,0,7725,7860,7736,158,7753,152,7722,239,7735,8176,8172,8163,153,236,7758,142,143,7711,7717,8160,149,7688,7701,156,7715,235,7727,133,239,7745,7755,7747,7737,149,7748,8151,8154,7751,7761,135,239,7725,7725,8172,152,0,8178,7719,8098,7760,7756,7714,7708,7716,236,7722,154,8177,7728,7745,7724,238,7754,7682,7737,7750,7724,7725,7775,7738,7766,7722,148,120,7734,7766,148,122,7724,7724,121,120,7742,7857,120,122,7837,122,7723,122,7773,7736,7772,7742,7740,7720,148,120,7721,120,7738,7760,7722,7764,7779,120,148,7723,121,7876,120,120,122,7719,7847,7878,7738,120,148,7742,7777,7771,121,121,120,121,229,7737,253,130,216,136,29247,27607
SRR3729250,7660,8102,7723,7731,186,186,7726,7736,7748,8076,187,1,8430,7731,8109,1,2,8114,8103,8111,7744,8107,2,7724,7732,7710,7751,7725,1,7742,2,1,0,7725,0,8431,1,7746,168,7740,185,7731,2,8110,8107,8111,7722,7720,186,7737,7735,1,2,8107,7734,2,2,7740,2,7687,6,7724,7726,185,186,186,1,7737,182,8104,8105,187,186,7728,7729,1,1,8108,7728,7725,8114,1,8026,186,186,1,184,181,7717,1,7742,8115,1,186,1,7730,180,1,159,186,1,197,188,216,187,197,7737,7720,215,188,7736,7695,196,196,7680,7711,158,8410,7715,7716,8410,7701,197,7707,188,158,187,158,158,197,7740,7714,196,7715,214,187,197,187,190,7719,7737,196,7693,8432,7716,7719,7702,196,8411,8437,216,7716,7743,158,188,188,7712,7674,7718,7712,7659,175,7680,7683,7708,7731,29034,27345
SRR3729300,7782,8296,7804,7862,8461,8458,7806,7875,7881,8280,8446,8421,0,7864,8301,8426,8435,8304,8295,8301,7879,8298,8425,7805,7865,7795,7881,7805,8432,7873,8429,8427,8402,7860,8431,0,8434,7881,8455,7875,8437,7864,8434,8303,8300,8299,7858,7852,8460,7868,7864,8420,8430,8300,7874,8403,8416,7880,8430,7841,8431,7806,7858,8458,8460,8457,8436,7871,8457,8295,8292,8461,8461,7807,7862,8430,8427,8299,7867,7860,8305,8433,8229,8460,8461,8423,8403,8402,7856,8431,7874,8307,8434,8459,8427,7866,8457,8379,8444,8459,8432,8426,8473,8438,8463,8424,7872,7855,8437,8472,7869,7831,8424,8425,7818,7848,8442,296,7850,7849,296,7831,8425,7845,8473,8443,8470,8443,8438,8420,7872,7848,8420,7851,8440,8457,8425,8464,8475,7850,7878,8426,7823,297,7852,7850,7837,8418,295,297,8441,7850,7876,8443,8474,8467,7843,7807,7849,7843,7808,8426,7799,7785,7839,7867,29474,27871
SRR3729307,7669,8110,7734,7742,187,187,7737,7747,7759,8085,188,0,8433,7741,8119,2,3,8122,8111,8121,7755,8114,3,7735,7741,7721,7762,7736,2,7753,3,2,0,7736,1,8434,0,7757,169,7751,186,7741,3,8120,8117,8121,7731,7730,187,7748,7746,0,3,8115,7745,1,3,7751,3,7697,7,7735,7736,186,187,187,0,7748,183,8111,8112,188,187,7739,7739,2,2,8118,7739,7736,8124,2,8035,187,187,0,185,182,7726,2,7753,8125,0,187,0,7740,181,0,160,187,2,198,189,217,188,198,7748,7731,216,189,7747,7706,197,197,7690,7722,159,8414,7726,7726,8414,7712,198,7718,189,159,188,159,159,198,7751,7725,197,7725,215,188,198,188,191,7730,7748,197,7702,8436,7727,7730,7713,197,8412,8442,217,7726,7754,159,189,189,7723,7683,7729,7723,7667,176,7688,7694,7718,7742,29061,27370
SRR3729308,285,8191,149,158,7777,7775,152,125,130,8159,7754,7723,7896,128,8196,7745,7754,8198,8182,8199,130,8181,7742,151,261,151,171,152,7747,126,7739,7739,7722,158,7746,7881,7757,0,7774,126,7742,259,7756,8200,8196,8188,126,256,7778,158,163,7732,7737,8185,123,7708,7722,130,7736,255,7748,151,259,7766,7775,7768,7758,123,7768,8176,8179,7771,7782,153,259,7746,7746,8196,125,158,8202,7739,8122,7781,7777,7735,7730,7739,256,7743,128,8201,7749,7765,7744,258,7775,7702,7758,7771,7745,7746,7796,7759,7787,7743,166,144,7755,7787,166,140,7745,7745,138,144,7763,7877,144,140,7857,140,7743,140,7794,7757,7793,7763,7761,7740,166,144,7742,144,7759,7781,7743,7785,7800,144,166,7744,139,7896,144,144,140,7738,7868,7898,7759,144,166,7763,7798,7792,139,139,144,139,248,7756,275,146,236,152,29285,27665
SRR3729312,7686,8125,7751,7759,204,204,7754,7766,7777,8100,205,169,8452,7759,8134,167,168,8137,8126,8136,7773,8129,168,7752,7757,7738,7779,7753,167,7771,168,167,168,7753,168,8455,169,7774,0,7769,203,7757,168,8135,8132,8136,7749,7747,204,7765,7763,169,168,8130,7763,170,168,7769,168,7714,172,7752,7752,203,204,204,169,7766,200,8126,8127,205,204,7756,7755,167,167,8133,7757,7753,8139,167,8050,204,204,169,192,189,7742,167,7771,8140,169,204,169,7756,198,175,21,204,167,215,198,234,197,215,7765,7748,233,198,7764,7723,214,214,7707,7739,136,8434,7743,7743,8435,7729,215,7735,198,136,197,136,136,215,7768,7742,214,7742,232,197,215,197,200,7747,7765,214,7719,8456,7744,7747,7730,214,8432,8462,234,7743,7771,136,198,198,7740,7700,7746,7740,7684,153,7705,7711,7735,7759,29066,27376
SRR3729341,279,8186,143,152,7772,7770,146,65,70,8152,7749,7717,7891,68,8190,7739,7748,8193,8175,8193,70,8174,7736,145,255,145,165,146,7741,0,7733,7733,7716,152,7740,7875,7751,126,7769,0,7737,253,7750,8194,8190,8181,67,250,7773,152,157,7726,7731,8178,0,7702,7716,70,7730,249,7742,145,253,7761,7770,7763,7752,0,7763,8170,8173,7766,7777,147,253,7740,7740,8190,2,152,8196,7733,8114,7776,7772,7729,7724,7733,250,7737,8,8195,7743,7760,7738,252,7770,7697,7753,7766,7739,7741,7791,7754,7782,7738,160,138,7750,7782,160,134,7740,7740,133,138,7759,7872,138,134,7851,134,7738,134,7789,7753,7788,7759,7757,7735,160,138,7737,138,7754,7776,7738,7780,7795,138,160,7739,133,7892,138,138,134,7733,7862,7893,7754,138,160,7759,7793,7787,133,133,138,133,243,7751,261,140,230,146,29249,27632
SRR3729365,7655,8116,7719,7727,0,0,7722,7733,7745,8092,3,185,8435,7726,8124,184,185,8128,8118,8126,7741,8120,184,7720,7726,7709,7746,7721,184,7739,184,184,185,7722,185,8437,186,7742,203,7737,0,7726,185,8125,8122,8126,7717,7716,0,7733,7731,186,185,8121,7731,186,184,7738,185,7683,189,7721,7721,0,0,0,186,7734,47,8117,8118,1,0,7724,7724,184,184,8123,7727,7721,8129,184,8039,0,0,186,217,214,7711,184,7739,8130,186,0,186,7725,135,192,194,0,184,222,222,241,221,222,7733,7716,240,222,7732,7691,221,221,7675,7709,193,8417,7711,7712,8416,7697,222,7702,222,193,221,193,193,222,7736,7710,221,7710,239,221,222,221,224,7715,7733,221,7687,8438,7713,7715,7700,221,8417,8443,241,7711,7739,193,222,222,7708,7667,7714,7708,7656,210,7666,7679,7704,7727,29029,27296
SRR3729389,232,8168,231,239,7762,7760,233,252,257,8135,7739,7705,7882,254,8172,7728,7736,8175,8158,8175,256,8156,7726,233,2,233,265,234,7731,253,7721,7723,7705,239,7731,7864,7741,259,7757,253,7726,0,7739,8176,8173,8163,254,217,7762,243,244,7715,7721,8160,250,7685,7706,257,7719,217,7732,233,0,7750,7758,7752,7742,250,7753,8148,8155,7755,7767,235,0,7730,7730,8172,253,239,8178,7724,8095,7766,7762,7718,7714,7724,0,7727,255,8177,7733,7748,7729,0,7760,7685,7742,7756,7729,7728,7782,7740,7773,7725,249,225,7737,7772,249,223,7727,7726,222,224,7747,7862,225,223,7838,223,7726,223,7779,7740,7779,7747,7746,7722,249,225,7724,225,7742,7767,7726,7769,7785,225,248,7725,222,7882,225,225,223,7718,7849,7884,7741,225,249,7748,7781,7776,222,221,225,222,207,7740,259,231,193,237,29243,27599
SRR3729408,7669,8110,7733,7741,186,186,7736,7746,7758,8085,187,3,8432,7740,8119,0,0,8122,8111,8121,7754,8114,2,7734,7739,7720,7761,7735,0,7752,2,1,2,7735,2,8434,3,7756,168,7750,185,7739,0,8120,8117,8121,7729,7729,186,7747,7745,3,2,8115,7744,4,0,7750,0,7696,4,7734,7734,185,186,186,3,7747,182,8111,8112,187,186,7738,7737,0,1,8118,7738,7735,8124,0,8035,186,186,3,184,181,7724,0,7752,8125,3,186,3,7738,180,3,159,186,0,197,188,216,187,197,7747,7730,215,188,7746,7705,196,196,7689,7721,158,8414,7725,7725,8414,7711,197,7717,188,158,187,158,158,197,7750,7724,196,7724,214,187,197,187,190,7729,7747,196,7701,8435,7726,7729,7712,196,8412,8441,216,7725,7753,158,188,188,7722,7682,7728,7722,7666,175,7680,7693,7716,7741,29045,27355
SRR3729425,8123,1,8144,8182,8142,8140,8149,8192,8200,1,8124,8093,8308,8183,1,8108,8116,6,3,7,8202,12,8104,8143,8177,8132,8199,8149,8111,8194,8105,8100,8080,8176,8110,8303,8120,8200,8135,8194,8125,8176,8120,0,1,2,8192,8181,8140,8191,8187,8111,8104,3,8192,8085,8084,8196,8099,8155,8113,8147,8172,8131,8133,8132,8118,8191,8133,1,2,8138,8143,8151,8171,8111,8110,1,8183,8179,3,8106,7,8143,8141,8095,8134,8137,8164,8107,8194,6,8112,8130,8105,8178,8136,8070,8119,8132,8106,8105,8156,8119,8154,8102,8192,8173,8118,8155,8186,8163,8103,8104,8135,8166,8125,8281,8168,8171,8278,8154,8107,8166,8155,8119,8153,8126,8121,8104,8193,8167,8103,8170,8120,8156,8103,8156,8161,8172,8191,8106,8163,8300,8172,8169,8157,8099,8286,8305,8116,8167,8197,8126,8158,8152,8166,8156,8168,8166,8142,8092,8153,8140,8155,8183,29220,27592
SRR3729459,8121,0,8140,8178,8139,8137,8145,8188,8196,0,8121,8090,8305,8180,0,8105,8113,5,2,6,8198,11,8101,8139,8174,8128,8195,8145,8108,8190,8102,8097,8077,8172,8107,8300,8117,8196,8132,8190,8122,8173,8117,1,0,1,8187,8178,8137,8187,8183,8108,8101,2,8188,8082,8081,8192,8096,8152,8110,8143,8169,8128,8130,8129,8115,8187,8130,0,1,8135,8140,8147,8168,8108,8107,0,8179,8176,2,8103,6,8140,8138,8092,8131,8134,8162,8104,8190,5,8109,8127,8102,8175,8133,8067,8116,8129,8103,8102,8153,8116,8151,8099,8188,8169,8115,8152,8182,8159,8100,8101,8131,8163,8122,8278,8164,8167,8275,8150,8104,8162,8152,8116,8150,8123,8118,8101,8189,8163,8100,8166,8117,8153,8100,8153,8158,8168,8187,8103,8159,8297,8168,8165,8153,8096,8283,8302,8113,8163,8193,8123,8155,8149,8162,8153,8164,8162,8139,8089,8151,8136,8152,8179,29219,27587
SRR3729479,8111,0,8131,8170,8143,8141,8137,8179,8187,0,8125,8094,8305,8172,0,8109,8117,0,3,5,8189,10,8105,8131,8164,8119,8186,8136,8112,8181,8106,8101,8081,8163,8111,8299,8121,8188,8136,8181,8126,8163,8121,2,1,0,8179,8169,8141,8178,8174,8112,8105,3,8179,8086,8085,8183,8100,8142,8114,8135,8160,8132,8134,8133,8119,8178,8134,0,2,8139,8144,8139,8159,8112,8111,0,8170,8167,3,8107,3,8144,8142,8096,8135,8138,8152,8108,8181,0,8113,8131,8106,8165,8137,8071,8120,8133,8107,8106,8157,8120,8155,8103,8180,8160,8119,8156,8174,8150,8104,8105,8121,8154,8126,8278,8155,8158,8275,8141,8108,8154,8156,8120,8154,8127,8122,8105,8180,8155,8104,8157,8121,8157,8104,8157,8162,8159,8179,8107,8151,8297,8159,8157,8144,8100,8284,8302,8117,8155,8184,8127,8159,8153,8153,8145,8156,8153,8128,8093,8141,8128,8143,8170,29219,27580
SRR3729486,281,8186,144,153,7751,7750,147,0,7,8148,7732,7698,7875,5,8188,7721,7728,8192,8174,8191,7,8172,7717,146,256,146,166,146,7720,67,7713,7713,7700,153,7722,7858,7731,126,7749,67,7717,254,7729,8192,8187,8179,0,251,7752,153,157,7707,7711,8178,64,7683,7701,7,7710,250,7723,146,254,7742,7750,7743,7731,63,7744,8168,8172,7745,7757,148,253,7721,7720,8188,67,152,8194,7714,8112,7756,7752,7709,7705,7712,251,7717,69,8193,7723,7740,7719,253,7750,7678,7733,7747,7719,7720,7772,7735,7762,7718,161,138,7730,7762,161,134,7721,7720,133,139,7737,7853,139,135,7832,134,7717,134,7768,7732,7768,7738,7736,7714,161,139,7716,138,7733,7756,7719,7759,7775,138,160,7719,134,7875,139,139,134,7713,7846,7874,7733,139,161,7738,7773,7767,134,133,139,134,244,7731,264,140,231,147,29247,27617
SRR3730416,245,8172,229,236,7751,7749,232,249,254,8141,7728,7697,7869,252,8177,7718,7727,8179,8164,8180,254,8162,7716,231,219,231,263,232,7721,250,7712,7712,7695,236,7720,7852,7730,256,7747,250,7716,217,7729,8181,8178,8169,251,0,7751,240,241,7705,7710,8166,247,7681,7696,254,7709,0,7721,231,217,7739,7748,7742,7731,247,7742,8158,8160,7745,7756,233,217,7719,7719,8177,250,236,8183,7713,8102,7755,7751,7708,7704,7713,214,7716,252,8182,7722,7739,7718,216,7749,7675,7731,7745,7718,7719,7769,7732,7760,7716,246,220,7728,7761,246,220,7718,7718,219,220,7736,7849,220,220,7830,220,7717,220,7768,7730,7766,7736,7735,7713,246,220,7715,220,7733,7754,7717,7758,7773,220,246,7717,219,7869,220,220,220,7711,7841,7872,7732,220,246,7737,7771,7765,219,219,220,219,208,7730,255,228,194,234,29267,27625
SRR3730442,7690,8131,7755,7763,0,0,7758,7769,7781,8106,3,186,8458,7762,8139,185,186,8143,8132,8141,7777,8135,185,7756,7762,7743,7782,7757,185,7775,185,185,186,7758,186,8460,187,7778,204,7773,0,7762,186,8140,8137,8141,7752,7751,0,7769,7767,187,186,8136,7767,187,185,7773,186,7718,190,7756,7757,0,0,0,187,7770,47,8132,8133,1,0,7760,7760,185,185,8138,7762,7757,8144,185,8056,0,0,187,218,215,7747,185,7775,8145,187,0,187,7761,136,193,195,0,185,223,223,242,222,223,7769,7752,241,223,7768,7727,222,222,7711,7744,194,8439,7747,7748,8439,7733,223,7738,223,194,222,194,194,223,7772,7746,222,7746,240,222,223,222,225,7751,7769,222,7723,8461,7749,7751,7735,222,8438,8466,242,7747,7775,194,223,223,7744,7703,7750,7744,7688,211,7703,7715,7739,7763,29049,27351
SRR3730454,270,8182,133,143,7768,7766,136,151,156,8149,7745,7712,7885,154,8187,7736,7745,8189,8172,8190,156,8171,7733,135,245,135,165,136,7738,152,7730,7730,7713,142,7737,7868,7748,158,7765,152,7733,243,7747,8191,8187,8178,153,240,7769,0,148,7723,7728,8175,149,7695,7713,156,7727,239,7739,135,243,7757,7766,7759,7749,149,7759,8162,8169,7762,7773,137,243,7737,7737,8187,152,142,8193,7730,8109,7772,7768,7726,7721,7730,240,7734,154,8192,7740,7756,7735,242,7766,7693,7749,7762,7736,7737,7787,7750,7778,7734,150,128,7746,7778,150,124,7736,7736,123,128,7754,7866,128,124,7841,124,7734,124,7785,7748,7784,7754,7752,7731,150,128,7733,128,7750,7772,7734,7776,7791,128,150,7735,123,7886,128,128,124,7729,7852,7889,7750,128,150,7754,7789,7783,123,123,128,123,233,7747,259,52,220,88,29269,27645
SRR3730463,272,8181,136,123,7766,7764,139,156,161,8145,7743,7710,7882,159,8183,7734,7743,8187,8170,8186,161,8168,7731,138,246,138,170,139,7736,157,7728,7728,7711,143,7735,7864,7746,163,7763,157,7731,244,7745,8187,8183,8174,157,241,7767,148,0,7721,7726,8173,154,7695,7711,161,7725,240,7737,139,244,7755,7764,7757,7747,154,7757,8161,8168,7760,7771,141,244,7735,7735,8183,157,143,8189,7728,8107,7770,7766,7724,7718,7727,241,7732,160,8188,7738,7754,7733,243,7764,7691,7747,7760,7734,7735,7783,7748,7774,7732,153,129,7744,7774,153,127,7734,7734,127,129,7752,7862,129,127,7839,127,7732,128,7781,7746,7780,7752,7750,7729,153,129,7731,129,7748,7768,7732,7772,7787,129,153,7733,127,7882,129,129,127,7727,7852,7883,7748,129,153,7752,7785,7779,127,126,129,126,234,7745,247,136,222,142,29241,27606
SRR3730507,7645,8102,7709,7717,187,187,7712,7722,7734,8077,188,0,8418,7723,8110,2,3,8114,8103,8112,7730,8106,3,7710,7715,7697,7737,7711,2,7728,3,2,0,7711,1,8420,0,7732,169,7726,186,7715,3,8111,8108,8112,7707,7705,187,7723,7721,0,3,8107,7720,1,3,7726,3,7672,7,7710,7710,186,187,187,0,7723,183,8104,8104,188,187,7714,7713,2,2,8109,7714,7712,8115,2,8027,187,187,0,185,182,7703,2,7728,8116,0,187,0,7715,181,0,160,187,2,198,189,217,188,198,7723,7706,216,189,7722,7681,197,197,7666,7698,159,8398,7701,7701,8398,7687,198,7693,189,159,188,159,159,198,7726,7700,197,7700,215,188,198,188,191,7705,7723,197,7678,8419,7702,7705,7688,197,8398,8425,217,7701,7729,159,189,189,7698,7660,7704,7698,7644,176,7657,7669,7693,7717,29006,27306
