14200_6#87,0,245,250,6,5,245,7,241,77,245,244,249,246,117,249,218,276,276,248,269,91,91,90,89,91,94,91,93,95,94,91,88,148,10108,21213
14208_8#15,245,0,14,247,246,1,248,5,240,1,8,179,170,88,179,142,200,200,172,193,254,254,253,252,253,257,254,256,258,257,254,251,247,10130,21237
14324_8#6,250,14,0,252,251,13,253,9,246,13,12,183,174,92,183,146,204,204,176,197,259,259,258,257,258,262,259,261,263,262,259,256,252,10130,21230
14324_8#59,6,247,252,0,7,247,3,243,79,247,246,251,248,118,251,220,278,278,250,271,93,93,92,91,93,96,93,95,97,96,93,90,150,10113,21207
14555_7#21,5,246,251,7,0,246,8,242,78,246,245,250,247,118,250,219,277,277,249,270,92,92,91,90,92,95,92,94,96,95,92,89,149,10094,21192
14623_4#72,245,1,13,247,246,0,248,4,241,0,7,178,169,87,178,141,199,199,171,192,254,254,253,252,253,257,254,256,258,257,254,251,247,10122,21234
14623_5#5,7,248,253,3,8,248,0,244,80,248,247,252,249,119,252,221,279,279,251,272,94,94,93,92,94,97,94,96,98,97,94,91,151,10117,21226
14623_6#56,241,5,9,243,242,4,244,0,236,4,3,174,165,83,174,137,195,195,167,188,250,250,249,248,249,253,250,252,254,253,250,247,243,10122,21220
14623_7#69,77,240,246,79,78,241,80,236,0,240,240,245,242,111,245,214,272,272,245,265,83,83,82,81,83,86,83,85,87,86,83,79,143,10087,21188
14623_8#23,245,1,13,247,246,0,248,4,240,0,7,178,169,87,178,141,199,199,171,192,254,254,253,252,253,257,254,256,258,257,254,251,247,10113,21174
8524_5#6,244,8,12,246,245,7,247,3,240,7,0,177,168,86,177,140,198,198,170,191,253,253,252,251,252,256,253,255,257,256,253,250,246,10111,21190
SRR3728979,249,179,183,251,250,178,252,174,245,178,177,0,181,0,0,153,211,211,183,204,258,258,257,256,257,261,258,260,262,260,258,255,251,10095,21242
SRR3729115,246,170,174,248,247,169,249,165,242,169,168,181,0,90,181,133,198,198,0,185,254,254,253,252,253,257,254,256,258,257,254,252,248,10128,21289
SRR3729333,117,88,92,118,118,87,119,83,111,87,86,0,90,0,0,65,117,117,92,109,128,128,126,128,127,131,128,130,132,131,130,125,121,5110,9297
SRR3730705,249,179,183,251,250,178,252,174,245,178,177,0,181,0,0,153,211,211,183,204,258,258,257,256,257,261,258,260,262,260,258,255,251,10128,21299
SRR3730757,218,142,146,220,219,141,221,137,214,141,140,153,133,65,153,0,170,170,135,157,227,227,226,225,226,230,227,229,231,230,227,224,220,10091,21247
SRR3730787,276,200,204,278,277,199,279,195,272,199,198,211,198,117,211,170,0,0,200,221,284,284,283,282,283,287,284,285,288,287,284,282,278,10054,21209
SRR3730818,276,200,204,278,277,199,279,195,272,199,198,211,198,117,211,170,0,0,200,221,284,284,283,282,283,287,284,285,288,287,284,282,278,10056,21213
SRR3731880,248,172,176,250,249,171,251,167,245,171,170,183,0,92,183,135,200,200,0,187,256,256,255,254,255,259,256,258,260,259,256,254,250,10125,21290
SRR3731887,269,193,197,271,270,192,272,188,265,192,191,204,185,109,204,157,221,221,187,0,278,278,277,276,277,281,278,280,282,281,278,275,271,10134,21312
16870_2#3,91,254,259,93,92,254,94,250,83,254,253,258,254,128,258,227,284,284,256,278,0,4,3,2,16,19,4,6,20,19,40,93,157,10069,21146
16870_2#4,91,254,259,93,92,254,94,250,83,254,253,258,254,128,258,227,284,284,256,278,4,0,3,2,16,19,4,6,20,19,40,93,157,10075,21157
16870_2#5,90,253,258,92,91,253,93,249,82,253,252,257,253,126,257,226,283,283,255,277,3,3,0,1,15,18,3,5,18,18,39,92,156,10074,21155
16870_2#8,89,252,257,91,90,252,92,248,81,252,251,256,252,128,256,225,282,282,254,276,2,2,1,0,14,17,2,4,18,17,38,91,155,10073,21139
16870_2#9,91,253,258,93,92,253,94,249,83,253,252,257,253,127,257,226,283,283,255,277,16,16,15,14,0,19,16,18,20,19,40,93,157,10069,21149
16870_2#16,94,257,262,96,95,257,97,253,86,257,256,261,257,131,261,230,287,287,259,281,19,19,18,17,19,0,19,21,23,22,43,96,160,10075,21157
16870_2#19,91,254,259,93,92,254,94,250,83,254,253,258,254,128,258,227,284,284,256,278,4,4,3,2,16,19,0,6,20,19,40,93,157,10066,21148
16870_2#20,93,256,261,95,94,256,96,252,85,256,255,260,256,130,260,229,285,285,258,280,6,6,5,4,18,21,6,0,22,21,42,95,159,10069,21154
16870_2#27,95,258,263,97,96,258,98,254,87,258,257,262,258,132,262,231,288,288,260,282,20,20,18,18,20,23,20,22,0,23,44,97,161,10076,21151
17059_1#78,94,257,262,96,95,257,97,253,86,257,256,260,257,131,260,230,287,287,259,281,19,19,18,17,19,22,19,21,23,0,43,96,160,10080,21168
18090_5#10,91,254,259,93,92,254,94,250,83,254,253,258,254,130,258,227,284,284,256,278,40,40,39,38,40,43,40,42,44,43,0,93,157,10085,21162
SRR2054033,88,251,256,90,89,251,91,247,79,251,250,255,252,125,255,224,282,282,254,275,93,93,92,91,93,96,93,95,97,96,93,0,154,10092,21157
ERR1040773,148,247,252,150,149,247,151,243,143,247,246,251,248,121,251,220,278,278,250,271,157,157,156,155,157,160,157,159,161,160,157,154,0,10108,21241
14623_5#14,10108,10130,10130,10113,10094,10122,10117,10122,10087,10113,10111,10095,10128,5110,10128,10091,10054,10056,10125,10134,10069,10075,10074,10073,10069,10075,10066,10069,10076,10080,10085,10092,10108,0,21561
EMRSA15,21213,21237,21230,21207,21192,21234,21226,21220,21188,21174,21190,21242,21289,9297,21299,21247,21209,21213,21290,21312,21146,21157,21155,21139,21149,21157,21148,21154,21151,21168,21162,21157,21241,21561,0
